0.138855	0.198364	0.129089	71.2495	
0.145874	0.209045	0.142822	71.2495	
0.14801	0.212402	0.138397	73.4395	
0.144653	0.207214	0.140533	78.8792	
0.18219	0.264282	0.14328	94.9669	
0.13092	0.186157	0.144653	104.369	
0.0964355	0.133667	0.150757	113.774	
0.12146	0.171814	0.150604	123.176	
0.0997925	0.138855	0.160065	132.578	
0.104065	0.145264	0.160522	141.98	
0.143433	0.205383	0.158844	151.382	
0.103149	0.143738	0.163574	160.784	
-0.0262451	-0.0531006	0.166016	170.19	
-0.0222778	-0.0332642	0.171967	177.827	
0.129089	0.153198	0.180054	182.81	
0.180359	0.216675	0.18692	186.221	
0.134888	0.160522	0.192108	188.664	
0.487976	0.596619	0.19577	190.531	
-0.362549	-0.453796	0.205383	191.402	
0.28656	0.3479	0.217285	190.714	
4.43207	5.46875	0.233917	189.661	
3.22479	3.97736	0.251007	184.411	
-0.362244	-0.453186	0.266418	175.342	
-0.362244	-0.453186	0.266418	175.342	
-0.185547	-0.234985	0.286255	169.39	
-0.196533	-0.248718	0.304871	165.277	
-0.433044	-0.673523	0.324402	163.325	
-0.370178	-0.577698	0.349731	163.438	
-0.543518	-0.84198	0.378723	170.274	
-0.570374	-0.882874	0.405121	174.556	
-0.674744	-1.04218	0.426483	176.381	
-1.08337	-1.66534	0.453491	176.928	
-1.38397	-2.12372	0.482483	175.426	
-1.53992	-2.36145	0.509949	173.461	
-1.45111	-2.22595	0.536804	172.576	
-0.935364	-1.43951	0.565186	171.706	
-0.394897	-0.594177	0.596924	169.516	
-0.0579834	0.00366211	0.627289	166.442	
0.134583	0.731506	0.654602	161.613	
0.135803	1.34277	0.694733	155.913	
0.0991821	1.60645	0.724945	151.519	
0.0860596	1.70471	0.755615	148.305	
0.0598145	1.17706	0.785217	146.171	
0.0628662	0.387573	0.816956	142.409	
0.0289917	0.0308228	0.856781	139.531	
0.0500488	0.0628662	0.887909	133.972	
0.109558	0.153503	0.932922	128.707	
0.140686	0.201111	0.966339	124.763	
0.158386	0.227966	1.00357	121.688	
0.116272	0.163879	1.04492	116.873	
0.117798	0.166321	1.08368	111.595	
0.180054	0.26123	1.12564	108.085	
0.180054	0.26123	1.16165	104.576	
0.174255	0.25238	1.19705	100.196	
0.184631	0.26825	1.24008	96.2514	
0.177612	0.257263	1.27884	90.9871	
0.178833	0.259399	1.32156	80.8937	
0.164185	0.236816	1.36429	76.4998	
0.157471	0.226746	1.40076	72.9903	
0.123901	0.183411	1.44226	71.0776	
0.13092	0.194092	1.48163	71.0776	
0.133057	0.197449	1.52191	73.2675	
0.1297	0.192261	1.56708	78.7073	
0.167236	0.249329	1.60797	94.7949	
0.115967	0.171204	1.64963	104.197	
0.0814819	0.118713	1.68808	113.602	
0.106506	0.15686	1.73019	123.004	
0.0848389	0.123901	1.77231	132.406	
0.0891113	0.13031	1.81244	141.808	
0.128479	0.19043	1.85318	151.21	
0.0881958	0.128784	1.8959	160.612	
-0.0411987	-0.0680542	1.93314	170.018	
-0.0372314	-0.0482178	1.96838	177.655	
0.114136	0.138245	2.005	182.638	
0.165405	0.201721	2.01553	186.049	
0.119934	0.145569	1.99219	188.492	
0.473022	0.581665	2.00317	190.359	
-0.377502	-0.46875	2.00806	191.23	
0.271606	0.332947	1.97128	190.542	
4.41711	5.4538	1.93558	189.489	
3.20984	3.9624	1.85669	184.239	
3.20984	3.9624	1.85669	184.239	
-0.377197	-0.46814	1.74927	175.17	
-0.2005	-0.249939	1.66077	169.218	
-0.211487	-0.263672	1.56998	165.105	
-0.447998	-0.688477	1.48392	163.153	
-0.385132	-0.592651	1.40717	163.266	
-0.558472	-0.856934	1.3591	170.102	
-0.585327	-0.897827	1.31989	174.384	
-0.689697	-1.05713	1.28433	176.209	
-1.09833	-1.6803	1.26144	176.756	
-1.39893	-2.13867	1.22864	175.254	
-1.55487	-2.3764	1.18408	173.289	
-1.46606	-2.24091	1.12518	172.404	
-0.950317	-1.45447	1.08276	171.534	
-0.409851	-0.609131	1.02783	169.344	
-0.072937	-0.0112915	0.953827	166.27	
0.119629	0.716553	0.887451	161.441	
0.12085	1.32782	0.839539	155.741	
0.0842285	1.59149	0.812683	151.347	
0.071106	1.68976	0.806427	148.133	
0.0448608	1.16211	0.791473	145.999	
0.0448608	1.16211	0.791473	145.999	
0.0479126	0.37262	0.760956	142.237	
0.0140381	0.0158691	0.718536	139.359	
0.0350952	0.0479126	0.673676	133.8	
0.0946045	0.13855	0.642242	128.535	
0.125732	0.186157	0.6073	124.591	
0.143433	0.213013	0.572052	121.516	
0.101318	0.148926	0.547333	116.701	
0.102844	0.151367	0.527191	111.423	
0.1651	0.246277	0.503845	107.914	
0.1651	0.246277	0.486603	104.404	
0.159302	0.237427	0.453949	100.024	
0.169678	0.253296	0.414124	96.0794	
0.162659	0.24231	0.410461	90.8151	
0.163879	0.244446	0.414124	80.7217	
0.149231	0.221863	0.400848	76.3278	
0.142517	0.211792	0.361328	72.8183	
0.12207	0.18158	0.342255	71.0565	
0.129089	0.192261	0.342102	71.0565	
0.131226	0.195618	0.33905	73.2465	
0.127869	0.19043	0.336609	78.6862	
0.165405	0.247498	0.337677	94.7739	
0.114136	0.169373	0.309906	104.176	
0.0796509	0.116882	0.282288	113.581	
0.104675	0.155029	0.262299	122.983	
0.0830078	0.12207	0.272369	132.385	
0.0872803	0.128479	0.288544	141.787	
0.126648	0.188599	0.271912	151.189	
0.0863647	0.126953	0.266418	160.591	
-0.0430298	-0.0698853	0.263977	169.997	
-0.0390625	-0.0500488	0.249786	177.634	
0.112305	0.136414	0.220642	182.617	
0.163574	0.19989	0.202637	186.028	
0.118103	0.143738	0.194855	188.471	
0.471191	0.579834	0.190125	190.338	
-0.379333	-0.470581	0.182343	191.208	
0.269775	0.331116	0.178375	190.521	
4.41528	5.45197	0.169678	189.468	
3.20801	3.96057	0.166931	184.218	
-0.379028	-0.469971	0.151215	175.149	
-0.202332	-0.25177	0.139923	169.197	
-0.213318	-0.265503	0.14389	165.084	
-0.449829	-0.690308	0.137024	163.132	
-0.386963	-0.594482	0.126495	163.245	
-0.560303	-0.858765	0.120697	170.081	
-0.587158	-0.899658	0.126038	174.363	
-0.691528	-1.05896	0.115814	176.188	
-1.10016	-1.68213	0.0952148	176.735	
-1.40076	-2.1405	0.102844	175.233	
-1.5567	-2.37823	0.119476	173.268	
-1.4679	-2.24274	0.109863	172.383	
-0.952148	-1.4563	0.108795	171.513	
-0.411682	-0.610962	0.114288	169.323	
-0.0747681	-0.0131226	0.111237	166.249	
0.117798	0.714722	0.107574	161.42	
0.119019	1.32599	0.0970459	155.72	
0.0823975	1.58966	0.0872803	151.326	
0.0692749	1.68793	0.0808716	148.112	
0.0430298	1.16028	0.0811768	145.978	
0.0460815	0.370789	0.0828552	142.216	
0.012207	0.0140381	0.0799561	139.338	
0.0332642	0.0460815	0.0822449	133.779	
0.0927734	0.136719	0.0811768	128.514	
0.123901	0.184326	0.0737	124.57	
0.141602	0.211182	0.0697327	121.495	
0.0994873	0.147095	0.0704956	116.68	
0.101013	0.149536	0.0700378	111.402	
0.163269	0.244446	0.0640869	107.892	
0.163269	0.244446	0.0653076	104.383	
0.157471	0.235596	0.0698853	100.003	
0.167847	0.251465	0.0752258	96.0583	
0.160828	0.240479	0.0735474	90.7941	
0.162048	0.242615	0.0730896	80.7007	
0.1474	0.220032	0.0730896	76.3068	
0.140686	0.209961	0.0743103	72.7972	
0.143127	0.202637	0.0761414	71.2987	
0.150146	0.213318	0.0740051	71.2987	
0.152283	0.216675	0.0794983	73.4886	
0.148926	0.211487	0.0830078	78.9284	
0.186462	0.268555	0.0779724	95.016	
0.135193	0.19043	0.0816345	104.418	
0.100708	0.137939	0.0895691	113.824	
0.125732	0.176086	0.0828552	123.226	
0.104065	0.143127	0.0788879	132.628	
0.108337	0.149536	0.0688171	142.03	
0.147705	0.209656	0.0608826	151.432	
0.107422	0.14801	0.0561523	160.834	
-0.0219727	-0.0488281	0.0468445	170.239	
-0.0180054	-0.0289917	0.0416565	177.876	
0.133362	0.157471	0.0389099	182.859	
0.184631	0.220947	0.0473022	186.271	
0.13916	0.164795	0.0497437	188.713	
0.492249	0.600891	0.0445557	190.58	
-0.358276	-0.449524	0.045166	191.451	
0.290833	0.352173	0.0486755	190.763	
4.43634	5.47302	0.0517273	189.71	
3.22906	3.98163	0.0454712	184.46	
-0.357971	-0.448914	0.0422668	175.391	
-0.181274	-0.230713	0.0508118	169.439	
-0.192261	-0.244446	0.0550842	165.326	
-0.428772	-0.66925	0.0558472	163.374	
-0.365906	-0.573425	0.0534058	163.487	
-0.539246	-0.837708	0.0556946	170.323	
-0.566101	-0.878601	0.0579834	174.605	
-0.670471	-1.0379	0.0579834	176.43	
-1.0791	-1.66107	0.0588989	176.977	
-1.3797	-2.11945	0.0576782	175.475	
-1.53564	-2.35718	0.0531006	173.51	
-1.44684	-2.22168	0.0564575	172.626	
-0.931091	-1.43524	0.0538635	171.755	
-0.390625	-0.589905	0.0611877	169.565	
-0.0537109	0.00793457	0.0628662	166.491	
0.138855	0.735779	0.0636292	161.662	
0.140076	1.34705	0.0683594	155.962	
0.103455	1.61072	0.0712585	151.568	
0.090332	1.70898	0.0724792	148.354	
0.0640869	1.18134	0.0735474	146.22	
0.0671387	0.391846	0.0801086	142.458	
0.0332642	0.0350952	0.0834656	139.58	
0.0543213	0.0671387	0.0854492	134.021	
0.113831	0.157776	0.0854492	128.757	
0.144958	0.205383	0.0906372	124.812	
0.162659	0.232239	0.092926	121.738	
0.120544	0.168152	0.0941467	116.922	
0.12207	0.170593	0.0918579	111.644	
0.184326	0.265503	0.085144	108.135	
0.184326	0.265503	0.0662231	104.625	
0.178528	0.256653	0.0569153	100.245	
0.188904	0.272522	0.0531006	96.3005	
0.181885	0.261536	0.0500488	91.0362	
0.183105	0.263672	0.0515747	80.9428	
0.168457	0.241089	0.0479126	76.5489	
0.161743	0.231018	0.0508118	73.0394	
0.144348	0.203857	0.0512695	71.3127	
0.151367	0.214539	0.0448608	71.3127	
0.153503	0.217896	0.0520325	73.5027	
0.150146	0.212708	0.0476074	78.9424	
0.187683	0.269775	0.0495911	95.0301	
0.136414	0.19165	0.0538635	104.432	
0.101929	0.13916	0.0535583	113.838	
0.126953	0.177307	0.0553894	123.24	
0.105286	0.144348	0.0550842	132.642	
0.109558	0.150757	0.0576782	142.044	
0.148926	0.210876	0.0549316	151.446	
0.108643	0.149231	0.0592041	160.848	
-0.020752	-0.0476074	0.0579834	170.253	
-0.0167847	-0.027771	0.0582886	177.89	
-0.0167847	-0.027771	0.0582886	177.89	
0.134583	0.158691	0.0636292	182.873	
0.185852	0.222168	0.0665283	186.285	
0.140381	0.166016	0.071106	188.727	
0.493469	0.602112	0.0750732	190.594	
-0.357056	-0.448303	0.118713	191.465	
0.292053	0.353394	0.132446	190.777	
4.43756	5.47424	0.128021	189.724	
3.23029	3.98285	0.130157	184.474	
-0.35675	-0.447693	0.132904	175.405	
-0.180054	-0.229492	0.134277	169.453	
-0.19104	-0.243225	0.140381	165.34	
-0.427551	-0.66803	0.140228	163.389	
-0.364685	-0.572205	0.149689	163.501	
-0.538025	-0.836487	0.150146	170.337	
-0.56488	-0.87738	0.148468	174.619	
-0.66925	-1.03668	0.153198	176.444	
-1.07788	-1.65985	0.15564	176.991	
-1.37848	-2.11823	0.161591	175.489	
-1.53442	-2.35596	0.169678	173.524	
-1.44562	-2.22046	0.176544	172.64	
-0.929871	-1.43402	0.181732	171.769	
-0.389404	-0.588684	0.185394	169.579	
-0.0524902	0.00915527	0.195007	166.505	
0.140076	0.737	0.206909	161.676	
0.141296	1.34827	0.223541	155.976	
0.104675	1.61194	0.240631	151.582	
0.0915527	1.71021	0.256042	148.368	
0.0653076	1.18256	0.275879	146.234	
0.0683594	0.393066	0.294495	142.472	
0.0344849	0.0363159	0.314026	139.594	
0.055542	0.0683594	0.339355	134.035	
0.115051	0.158997	0.368347	128.771	
0.146179	0.206604	0.394745	124.826	
0.163879	0.233459	0.416107	121.752	
0.121765	0.169373	0.443115	116.936	
0.123291	0.171814	0.472107	111.658	
0.185547	0.266724	0.499573	108.149	
0.185547	0.266724	0.526428	104.639	
0.179749	0.257874	0.55481	100.259	
0.190125	0.273743	0.586548	96.3145	
0.183105	0.262756	0.616913	91.0503	
0.184326	0.264893	0.644226	80.9569	
0.169678	0.24231	0.684357	76.563	
0.162964	0.232239	0.714569	73.0534	
0.139771	0.19928	0.745239	71.2601	
0.14679	0.209961	0.774841	71.2601	
0.148926	0.213318	0.80658	73.45	
0.145569	0.20813	0.846405	78.8898	
0.183105	0.265198	0.877533	94.9774	
0.131836	0.187073	0.922546	104.379	
0.0973511	0.134583	0.955963	113.785	
0.122375	0.172729	0.993195	123.187	
0.100708	0.139771	1.03455	132.589	
0.10498	0.146179	1.0733	141.991	
0.144348	0.206299	1.11526	151.393	
0.104065	0.144653	1.15128	160.795	
-0.0253296	-0.0521851	1.18668	170.201	
-0.0213623	-0.0323486	1.22971	177.837	
0.130005	0.154114	1.26846	182.821	
0.181274	0.21759	1.31119	186.232	
0.135803	0.161438	1.35391	188.675	
0.488892	0.597534	1.39038	190.542	
-0.361633	-0.452881	1.43188	191.412	
0.287476	0.348816	1.47125	190.724	
4.43298	5.46967	1.51154	189.671	
3.22571	3.97827	1.5567	184.421	
-0.361328	-0.452271	1.5976	175.352	
-0.184631	-0.23407	1.63925	169.4	
-0.195618	-0.247803	1.6777	165.287	
-0.432129	-0.672607	1.71982	163.336	
-0.369263	-0.576782	1.76193	163.448	
-0.542603	-0.841064	1.80206	170.285	
-0.569458	-0.881958	1.8428	174.566	
-0.673828	-1.04126	1.88553	176.391	
-1.08246	-1.66443	1.92276	176.939	
-1.38306	-2.1228	1.95801	175.437	
-1.539	-2.36053	1.99463	173.471	
-1.4502	-2.22504	2.00516	172.587	
-0.934448	-1.4386	1.98181	171.717	
-0.393982	-0.593262	1.9928	169.527	
-0.0570679	0.00457764	1.99768	166.452	
0.135498	0.732422	1.96091	161.623	
0.136719	1.34369	1.9252	155.924	
0.100098	1.60736	1.84631	151.53	
0.0869751	1.70563	1.73889	148.315	
0.06073	1.17798	1.65039	146.181	
0.0637817	0.388489	1.5596	142.419	
0.0299072	0.0317383	1.47354	139.541	
0.0509644	0.0637817	1.39679	133.982	
0.110474	0.154419	1.34872	128.718	
0.141602	0.202026	1.30951	124.773	
0.159302	0.228882	1.27396	121.699	
0.117188	0.164795	1.25107	116.884	
0.118713	0.167236	1.21826	111.606	
0.180969	0.262146	1.17371	108.096	
0.180969	0.262146	1.11481	104.586	
0.175171	0.253296	1.07239	100.207	
0.185547	0.269165	1.01746	96.2619	
0.178528	0.258179	0.943451	90.9976	
0.179749	0.260315	0.877075	80.9042	
0.1651	0.237732	0.829163	76.5103	
0.158386	0.227661	0.802307	73.0008	
0.127869	0.187378	0.796051	71.1232	
0.134888	0.198059	0.781097	71.1232	
0.137024	0.201416	0.75058	73.3131	
0.133667	0.196228	0.70816	78.7529	
0.171204	0.253296	0.6633	94.8405	
0.119934	0.175171	0.631866	104.243	
0.0854492	0.122681	0.596924	113.648	
0.110474	0.160828	0.561676	123.05	
0.0888062	0.127869	0.536957	132.452	
0.0930786	0.134277	0.516815	141.854	
0.132446	0.194397	0.493469	151.256	
0.0921631	0.132751	0.476227	160.658	
-0.0372314	-0.0640869	0.443573	170.064	
-0.0332642	-0.0442505	0.403748	177.7	
0.118103	0.142212	0.400085	182.684	
0.169373	0.205688	0.403748	186.095	
0.123901	0.149536	0.390472	188.538	
0.47699	0.585632	0.350952	190.405	
-0.373535	-0.464783	0.331879	191.275	
0.275574	0.336914	0.331726	190.587	
4.42108	5.45776	0.328674	189.534	
3.21381	3.96637	0.326233	184.284	
-0.37323	-0.464172	0.327301	175.216	
-0.196533	-0.245972	0.29953	169.263	
-0.20752	-0.259705	0.271912	165.15	
-0.444031	-0.684509	0.251923	163.199	
-0.381165	-0.588684	0.261993	163.311	
-0.554504	-0.852966	0.278168	170.148	
-0.58136	-0.89386	0.261536	174.429	
-0.58136	-0.89386	0.261536	174.429	
-0.68573	-1.05316	0.256042	176.254	
-1.09436	-1.67633	0.253601	176.802	
-1.39496	-2.1347	0.23941	175.3	
-1.5509	-2.37244	0.210266	173.335	
-1.4621	-2.23694	0.192261	172.45	
-0.94635	-1.4505	0.184479	171.58	
-0.405884	-0.605164	0.179749	169.39	
-0.0689697	-0.00732422	0.171967	166.315	
0.123596	0.72052	0.167999	161.486	
0.124817	1.33179	0.159302	155.787	
0.0881958	1.59546	0.156555	151.393	
0.0750732	1.69373	0.140839	148.178	
0.0488281	1.16608	0.129547	146.044	
0.0518799	0.376587	0.133514	142.282	
0.0180054	0.0198364	0.126648	139.404	
0.0390625	0.0518799	0.116119	133.845	
0.0985718	0.142517	0.110321	128.581	
0.1297	0.190125	0.115662	124.636	
0.1474	0.21698	0.105438	121.562	
0.105286	0.152893	0.0848389	116.747	
0.106812	0.155334	0.0924683	111.469	
0.169067	0.250244	0.1091	107.959	
0.169067	0.250244	0.0994873	104.45	
0.163269	0.241394	0.0984192	100.07	
0.173645	0.257263	0.103912	96.125	
0.166626	0.246277	0.100861	90.8607	
0.167847	0.248413	0.0971985	80.7674	
0.153198	0.22583	0.0866699	76.3734	
0.146484	0.215759	0.0769043	72.8639	
0.126953	0.186462	0.0704956	71.1127	
0.133972	0.197144	0.0708008	71.1127	
0.136108	0.2005	0.0724792	73.3026	
0.132751	0.195313	0.0695801	78.7424	
0.170288	0.25238	0.0718689	94.83	
0.119019	0.174255	0.0708008	104.232	
0.0845337	0.121765	0.063324	113.638	
0.109558	0.159912	0.0593567	123.04	
0.0878906	0.126953	0.0601196	132.442	
0.0921631	0.133362	0.0596619	141.844	
0.131531	0.193481	0.0537109	151.246	
0.0912476	0.131836	0.0549316	160.648	
-0.038147	-0.0650024	0.0595093	170.053	
-0.0341797	-0.045166	0.0648499	177.69	
0.117188	0.141296	0.0631714	182.673	
0.168457	0.204773	0.0627136	186.085	
0.122986	0.148621	0.0627136	188.527	
0.476074	0.584717	0.0639343	190.394	
-0.374451	-0.465698	0.0657654	191.265	
0.274658	0.335999	0.0636292	190.577	
4.42017	5.45685	0.0691223	189.524	
3.21289	3.96545	0.0726318	184.274	
-0.374146	-0.465088	0.0675964	175.205	
-0.197449	-0.246887	0.0712585	169.253	
-0.208435	-0.26062	0.0791931	165.14	
-0.444946	-0.685425	0.0724792	163.188	
-0.38208	-0.5896	0.068512	163.301	
-0.55542	-0.853882	0.0584412	170.137	
-0.582275	-0.894775	0.0505066	174.419	
-0.686646	-1.05408	0.0457764	176.244	
-1.09528	-1.67725	0.0364685	176.791	
-1.39587	-2.13562	0.0312805	175.289	
-1.55182	-2.37335	0.0285339	173.324	
-1.46301	-2.23785	0.0369263	172.44	
-0.947266	-1.45142	0.0393677	171.569	
-0.406799	-0.606079	0.0341797	169.379	
-0.0698853	-0.00823975	0.03479	166.305	
0.122681	0.719604	0.0382996	161.476	
0.123901	1.33087	0.0413513	155.776	
0.0872803	1.59454	0.0350952	151.382	
0.0741577	1.69281	0.0318909	148.168	
0.0479126	1.16516	0.0404358	146.034	
0.0509644	0.375671	0.0447083	142.272	
0.0170898	0.0189209	0.0454712	139.394	
0.038147	0.0509644	0.0430298	133.835	
0.0976563	0.141602	0.0453186	128.571	
0.128784	0.189209	0.0476074	124.626	
0.146484	0.216064	0.0476074	121.552	
0.10437	0.151978	0.0485229	116.736	
0.105896	0.154419	0.0473022	111.458	
0.168152	0.249329	0.0427246	107.949	
0.168152	0.249329	0.0460815	104.439	
0.162354	0.240479	0.0434875	100.059	
0.172729	0.256348	0.0508118	96.1145	
0.16571	0.245361	0.0524902	90.8502	
0.166931	0.247498	0.0532532	80.7568	
0.152283	0.224915	0.0579834	76.3629	
0.145569	0.214844	0.0608826	72.8534	
0.12207	0.18158	0.0621033	71.0565	
0.129089	0.192261	0.0631714	71.0565	
0.131226	0.195618	0.0697327	73.2465	
0.127869	0.19043	0.0730896	78.6862	
0.165405	0.247498	0.0750732	94.7739	
0.114136	0.169373	0.0750732	104.176	
0.0796509	0.116882	0.0802612	113.581	
0.104675	0.155029	0.08255	122.983	
0.0830078	0.12207	0.0837708	132.385	
0.0872803	0.128479	0.0814819	141.787	
0.126648	0.188599	0.0747681	151.189	
0.0863647	0.126953	0.0558472	160.591	
-0.0430298	-0.0698853	0.0465393	169.997	
-0.0390625	-0.0500488	0.0427246	177.634	
0.112305	0.136414	0.0396729	182.617	
0.163574	0.19989	0.0411987	186.028	
0.118103	0.143738	0.0375366	188.471	
0.471191	0.579834	0.0404358	190.338	
-0.379333	-0.470581	0.0408936	191.208	
0.269775	0.331116	0.0344849	190.521	
4.41528	5.45197	0.0416565	189.468	
3.20801	3.96057	0.0372314	184.218	
-0.379028	-0.469971	0.0392151	175.149	
-0.202332	-0.25177	0.0434875	169.197	
-0.213318	-0.265503	0.0431824	165.084	
-0.449829	-0.690308	0.0450134	163.132	
-0.386963	-0.594482	0.0447083	163.245	
-0.560303	-0.858765	0.0473022	170.081	
-0.587158	-0.899658	0.0445557	174.363	
-0.691528	-1.05896	0.0488281	176.188	
-1.10016	-1.68213	0.0476074	176.735	
-1.40076	-2.1405	0.0479126	175.233	
-1.5567	-2.37823	0.0532532	173.268	
-1.4679	-2.24274	0.0561523	172.383	
-0.952148	-1.4563	0.06073	171.513	
-0.411682	-0.610962	0.0646973	169.323	
-0.0747681	-0.0131226	0.125122	166.249	
0.117798	0.714722	0.138855	161.42	
0.117798	0.714722	0.138855	161.42	
0.119019	1.32599	0.13443	155.72	
0.0823975	1.58966	0.136566	151.326	
0.0692749	1.68793	0.139313	148.112	
0.0430298	1.16028	0.140686	145.978	
0.0460815	0.370789	0.14679	142.216	
0.012207	0.0140381	0.146637	139.338	
0.0332642	0.0460815	0.156097	133.779	
0.0927734	0.136719	0.156555	128.514	
0.123901	0.184326	0.154877	124.57	
0.141602	0.211182	0.159607	121.495	
0.0994873	0.147095	0.162048	116.68	
0.101013	0.149536	0.167999	111.402	
0.163269	0.244446	0.176086	107.892	
0.163269	0.244446	0.182953	104.383	
0.157471	0.235596	0.188141	100.003	
0.167847	0.251465	0.191803	96.0583	
0.160828	0.240479	0.201416	90.7941	
0.162048	0.242615	0.213318	80.7007	
0.1474	0.220032	0.22995	76.3068	
0.140686	0.209961	0.24704	72.7972	
0.137939	0.197449	0.262451	71.239	
0.144958	0.20813	0.282288	71.239	
0.147095	0.211487	0.300903	73.429	
0.143738	0.206299	0.320435	78.8687	
0.181274	0.263367	0.345764	94.9564	
0.130005	0.185242	0.374756	104.358	
0.09552	0.132751	0.401154	113.764	
0.120544	0.170898	0.422516	123.166	
0.098877	0.137939	0.449524	132.568	
0.103149	0.144348	0.478516	141.97	
0.142517	0.204468	0.505981	151.372	
0.102234	0.142822	0.532837	160.774	
-0.0271606	-0.0540161	0.561218	170.179	
-0.0231934	-0.0341797	0.592957	177.816	
0.128174	0.152283	0.623322	182.8	
0.179443	0.215759	0.650635	186.211	
0.133972	0.159607	0.690765	188.654	
0.487061	0.595703	0.720978	190.521	
-0.363464	-0.454712	0.751648	191.391	
0.285645	0.346985	0.78125	190.703	
4.43115	5.46783	0.812988	189.65	
3.22388	3.97644	0.852814	184.4	
-0.363159	-0.454102	0.883942	175.331	
-0.186462	-0.235901	0.928955	169.379	
-0.197449	-0.249634	0.962372	165.266	
-0.43396	-0.674438	0.999603	163.315	
-0.371094	-0.578613	1.04095	163.427	
-0.544434	-0.842896	1.07971	170.264	
-0.571289	-0.883789	1.12167	174.545	
-0.675659	-1.04309	1.15768	176.37	
-1.08429	-1.66626	1.19308	176.918	
-1.38489	-2.12463	1.23611	175.416	
-1.54083	-2.36237	1.27487	173.45	
-1.45203	-2.22687	1.3176	172.566	
-0.936279	-1.44043	1.36032	171.696	
-0.395813	-0.595093	1.39679	169.506	
-0.0588989	0.00274658	1.43829	166.431	
0.133667	0.730591	1.47766	161.602	
0.134888	1.34186	1.51794	155.903	
0.0982666	1.60553	1.56311	151.509	
0.085144	1.7038	1.604	148.294	
0.0588989	1.17615	1.64566	146.16	
0.0619507	0.386658	1.68411	142.398	
0.0280762	0.0299072	1.72623	139.52	
0.0491333	0.0619507	1.76834	133.961	
0.108643	0.152588	1.80847	128.697	
0.139771	0.200195	1.84921	124.752	
0.157471	0.227051	1.89194	121.678	
0.115356	0.162964	1.92917	116.863	
0.116882	0.165405	1.96442	111.584	
0.179138	0.260315	2.00104	108.075	
0.179138	0.260315	2.01157	104.565	
0.17334	0.251465	1.98822	100.186	
0.183716	0.267334	1.99921	96.2408	
0.176697	0.256348	2.00409	90.9766	
0.177917	0.258484	1.96732	80.8832	
0.163269	0.235901	1.93161	76.4893	
0.156555	0.22583	1.85272	72.9797	
0.140686	0.200195	1.7453	71.2706	
0.147705	0.210876	1.6568	71.2706	
0.149841	0.214233	1.56601	73.4605	
0.146484	0.209045	1.47995	78.9003	
0.184021	0.266113	1.4032	94.9879	
0.132751	0.187988	1.35513	104.39	
0.0982666	0.135498	1.31592	113.795	
0.123291	0.173645	1.28036	123.197	
0.101624	0.140686	1.25748	132.599	
0.105896	0.147095	1.22467	142.001	
0.145264	0.207214	1.18011	151.404	
0.10498	0.145569	1.12122	160.806	
-0.0244141	-0.0512695	1.0788	170.211	
-0.0204468	-0.0314331	1.02386	177.848	
0.13092	0.155029	0.94986	182.831	
0.18219	0.218506	0.883484	186.243	
0.136719	0.162354	0.835571	188.685	
0.489807	0.59845	0.808716	190.552	
-0.360718	-0.451965	0.80246	191.423	
0.288391	0.349731	0.787506	190.735	
4.4339	5.47058	0.756989	189.682	
3.22662	3.97919	0.714569	184.432	
-0.360413	-0.451355	0.669708	175.363	
-0.183716	-0.233154	0.638275	169.411	
-0.194702	-0.246887	0.603333	165.298	
-0.431213	-0.671692	0.568085	163.346	
-0.368347	-0.575867	0.543365	163.459	
-0.541687	-0.840149	0.523224	170.295	
-0.568542	-0.881042	0.499878	174.577	
-0.672913	-1.04034	0.482635	176.402	
-1.08154	-1.66351	0.449982	176.949	
-1.38214	-2.12189	0.410156	175.447	
-1.53809	-2.35962	0.406494	173.482	
-1.44928	-2.22412	0.410156	172.598	
-0.933533	-1.43768	0.396881	171.727	
-0.393066	-0.592346	0.357361	169.537	
-0.0561523	0.00549316	0.338287	166.463	
0.136414	0.733337	0.338135	161.634	
0.137634	1.3446	0.335083	155.934	
0.101013	1.60828	0.332642	151.54	
0.0878906	1.70654	0.33371	148.326	
0.0616455	1.17889	0.305939	146.192	
0.0646973	0.389404	0.27832	142.43	
0.0308228	0.0326538	0.258331	139.552	
0.0518799	0.0646973	0.268402	133.993	
0.111389	0.155334	0.284576	128.728	
0.142517	0.202942	0.267944	124.784	
0.160217	0.229797	0.262451	121.709	
0.118103	0.16571	0.26001	116.894	
0.119629	0.168152	0.245819	111.616	
0.181885	0.263062	0.216675	108.107	
0.181885	0.263062	0.198669	104.597	
0.176086	0.254211	0.190887	100.217	
0.186462	0.270081	0.186157	96.2724	
0.179443	0.259094	0.178375	91.0081	
0.180664	0.26123	0.174408	80.9148	
0.166016	0.238647	0.16571	76.5208	
0.159302	0.228577	0.162964	73.0113	
0.130005	0.189514	0.147247	71.1478	
0.137024	0.200195	0.135956	71.1478	
0.13916	0.203552	0.139923	73.3377	
0.135803	0.198364	0.133057	78.7775	
0.17334	0.255432	0.122528	94.8651	
0.12207	0.177307	0.11673	104.267	
0.0875854	0.124817	0.12207	113.673	
0.11261	0.162964	0.111847	123.075	
0.0909424	0.130005	0.0912476	132.477	
0.0952148	0.136414	0.098877	141.879	
0.134583	0.196533	0.115509	151.281	
0.0942993	0.134888	0.105896	160.683	
-0.0350952	-0.0619507	0.104828	170.088	
-0.0311279	-0.0421143	0.110321	177.725	
0.120239	0.144348	0.107269	182.708	
0.171509	0.207825	0.103607	186.12	
0.126038	0.151672	0.0930786	188.562	
0.479126	0.587769	0.083313	190.429	
-0.371399	-0.462646	0.0769043	191.3	
0.27771	0.33905	0.0772095	190.612	
4.42322	5.4599	0.0788879	189.559	
3.21594	3.96851	0.0759888	184.309	
-0.371094	-0.462036	0.0782776	175.24	
-0.194397	-0.243835	0.0772095	169.288	
-0.205383	-0.257568	0.0697327	165.175	
-0.441895	-0.682373	0.0657654	163.224	
-0.379028	-0.586548	0.0665283	163.336	
-0.552368	-0.85083	0.0660706	170.172	
-0.579224	-0.891724	0.0601196	174.454	
-0.683594	-1.05103	0.0613403	176.279	
-1.09222	-1.67419	0.065918	176.826	
-1.39282	-2.13257	0.0712585	175.324	
-1.54877	-2.3703	0.0695801	173.359	
-1.45996	-2.2348	0.0691223	172.475	
-0.944214	-1.44836	0.0691223	171.604	
-0.403748	-0.603027	0.070343	169.414	
-0.0668335	-0.00518799	0.0721741	166.34	
0.125732	0.722656	0.0700378	161.511	
0.126953	1.33392	0.075531	155.811	
0.090332	1.5976	0.0790405	151.418	
0.0772095	1.69586	0.0740051	148.203	
0.0509644	1.16821	0.0776672	146.069	
0.0540161	0.378723	0.0856018	142.307	
0.0201416	0.0219727	0.0788879	139.429	
0.0411987	0.0540161	0.0749207	133.87	
0.100708	0.144653	0.0648499	128.606	
0.131836	0.192261	0.0569153	124.661	
0.149536	0.219116	0.0521851	121.587	
0.107422	0.155029	0.0428772	116.772	
0.108948	0.157471	0.0376892	111.493	
0.171204	0.25238	0.0349426	107.984	
0.171204	0.25238	0.043335	104.474	
0.165405	0.24353	0.0457764	100.094	
0.175781	0.259399	0.0405884	96.1496	
0.168762	0.248413	0.0411987	90.8853	
0.169983	0.250549	0.0447083	80.7919	
0.155334	0.227966	0.04776	76.398	
0.148621	0.217896	0.0415039	72.8885	
0.114441	0.17395	0.0382996	70.9688	
0.12146	0.184631	0.0468445	70.9688	
0.123596	0.187988	0.0511169	73.1587	
0.120239	0.1828	0.0518799	78.5985	
0.157776	0.239868	0.0494385	94.6861	
0.106506	0.161743	0.0517273	104.088	
0.0720215	0.109253	0.0540161	113.494	
0.0970459	0.1474	0.0540161	122.896	
0.0753784	0.114441	0.0549316	132.298	
0.0796509	0.12085	0.0537109	141.7	
0.119019	0.180969	0.0491333	151.102	
0.0787354	0.119324	0.0524902	160.504	
-0.0506592	-0.0775146	0.0498962	169.909	
-0.0466919	-0.0576782	0.0572205	177.546	
0.104675	0.128784	0.0588989	182.529	
0.155945	0.192261	0.0596619	185.941	
0.110474	0.136108	0.0643921	188.383	
0.463562	0.572205	0.0672913	190.25	
-0.386963	-0.47821	0.068512	191.121	
0.262146	0.323486	0.0695801	190.433	
4.40765	5.44434	0.0761414	189.38	
3.20038	3.95294	0.0794983	184.13	
-0.386658	-0.4776	0.0814819	175.061	
-0.209961	-0.259399	0.0814819	169.109	
-0.220947	-0.273132	0.0866699	164.996	
-0.457458	-0.697937	0.0889587	163.045	
-0.394592	-0.602112	0.0901794	163.157	
-0.567932	-0.866394	0.0878906	169.993	
-0.594788	-0.907288	0.0811768	174.275	
-0.699158	-1.06659	0.0622559	176.1	
-1.10779	-1.68976	0.052948	176.647	
-1.40839	-2.14813	0.0491333	175.145	
-1.56433	-2.38586	0.0460815	173.18	
-1.47552	-2.25037	0.0476074	172.296	
-0.959778	-1.46393	0.0439453	171.425	
-0.419312	-0.618591	0.0468445	169.235	
-0.0823975	-0.020752	0.0473022	166.161	
0.110168	0.707092	0.0408936	161.332	
0.111389	1.31836	0.0480652	155.632	
0.0747681	1.58203	0.0436401	151.239	
0.0616455	1.6803	0.0456238	148.024	
0.0354004	1.15265	0.0498962	145.89	
0.0384521	0.363159	0.0495911	142.128	
0.00457764	0.00640869	0.0514221	139.25	
0.0256348	0.0384521	0.0511169	133.691	
0.085144	0.129089	0.0537109	128.427	
0.116272	0.176697	0.0509644	124.482	
0.133972	0.203552	0.0552368	121.408	
0.0918579	0.139465	0.0540161	116.593	
0.0933838	0.141907	0.0543213	111.314	
0.15564	0.236816	0.0596619	107.805	
0.15564	0.236816	0.062561	104.295	
0.149841	0.227966	0.0671387	99.9153	
0.160217	0.243835	0.071106	95.9706	
0.153198	0.232849	0.112915	90.7063	
0.154419	0.234985	0.126648	80.6129	
0.139771	0.212402	0.122223	76.219	
0.133057	0.202332	0.124359	72.7095	
0.13031	0.189819	0.127106	71.1513	
0.137329	0.2005	0.128479	71.1513	
0.139465	0.203857	0.134583	73.3412	
0.136108	0.198669	0.13443	78.781	
0.173645	0.255737	0.14389	94.8686	
0.122375	0.177612	0.144348	104.271	
0.0878906	0.125122	0.14267	113.676	
0.112915	0.163269	0.1474	123.078	
0.0912476	0.13031	0.149841	132.48	
0.09552	0.136719	0.155792	141.882	
0.134888	0.196838	0.163879	151.284	
0.0946045	0.135193	0.170746	160.686	
-0.03479	-0.0616455	0.175934	170.092	
-0.0308228	-0.0418091	0.179596	177.728	
0.120544	0.144653	0.189209	182.712	
0.171814	0.20813	0.201111	186.123	
0.126343	0.151978	0.217743	188.566	
0.479431	0.588074	0.234833	190.433	
-0.371094	-0.462341	0.250244	191.303	
0.278015	0.339355	0.270081	190.615	
4.42352	5.46021	0.288696	189.563	
3.21625	3.96881	0.308228	184.312	
-0.370789	-0.461731	0.333557	175.244	
-0.194092	-0.24353	0.362549	169.292	
-0.205078	-0.257263	0.388947	165.178	
-0.441589	-0.682068	0.410309	163.227	
-0.378723	-0.586243	0.437317	163.339	
-0.552063	-0.850525	0.466309	170.176	
-0.578918	-0.891418	0.493774	174.458	
-0.683289	-1.05072	0.52063	176.283	
-1.09192	-1.67389	0.549011	176.83	
-1.39252	-2.13226	0.58075	175.328	
-1.54846	-2.37	0.611115	173.363	
-1.45966	-2.2345	0.638428	172.478	
-0.943909	-1.44806	0.678558	171.608	
-0.403442	-0.602722	0.708771	169.418	
-0.0665283	-0.00488281	0.739441	166.344	
0.126038	0.722961	0.769043	161.514	
0.127258	1.33423	0.800781	155.815	
0.0906372	1.5979	0.840607	151.421	
0.0775146	1.69617	0.871735	148.206	
0.0512695	1.16852	0.916748	146.073	
0.0543213	0.379028	0.950165	142.31	
0.0204468	0.0222778	0.987396	139.433	
0.0415039	0.0543213	1.02875	133.873	
0.101013	0.144958	1.0675	128.609	
0.132141	0.192566	1.10947	124.664	
0.149841	0.219421	1.14548	121.59	
0.107727	0.155334	1.18088	116.775	
0.109253	0.157776	1.22391	111.497	
0.171509	0.252686	1.26266	107.987	
0.171509	0.252686	1.30539	104.478	
0.16571	0.243835	1.34811	100.098	
0.176086	0.259705	1.38458	96.1531	
0.169067	0.248718	1.42609	90.8888	
0.170288	0.250854	1.46545	80.7954	
0.170288	0.250854	1.46545	80.7954	
0.15564	0.228271	1.50574	76.4015	
0.148926	0.218201	1.5509	72.892	
0.144043	0.203552	1.5918	71.3092	
0.151062	0.214233	1.63345	71.3092	
0.153198	0.21759	1.67191	73.4991	
0.149841	0.212402	1.71402	78.9389	
0.187378	0.26947	1.75613	95.0266	
0.136108	0.191345	1.79626	104.429	
0.101624	0.138855	1.83701	113.834	
0.126648	0.177002	1.87973	123.236	
0.10498	0.144043	1.91696	132.638	
0.109253	0.150452	1.95221	142.04	
0.148621	0.210571	1.98883	151.442	
0.108337	0.148926	1.99936	160.844	
-0.0210571	-0.0479126	1.97601	170.25	
-0.0170898	-0.0280762	1.987	177.886	
0.134277	0.158386	1.99188	182.87	
0.185547	0.221863	1.95511	186.281	
0.140076	0.16571	1.9194	188.724	
0.493164	0.601807	1.84052	190.591	
-0.357361	-0.448608	1.73309	191.461	
0.291748	0.353088	1.64459	190.773	
4.43726	5.47394	1.5538	189.72	
3.22998	3.98254	1.46774	184.47	
-0.357056	-0.447998	1.39099	175.402	
-0.180359	-0.229797	1.34293	169.449	
-0.191345	-0.24353	1.30371	165.336	
-0.427856	-0.668335	1.26816	163.385	
-0.36499	-0.57251	1.24527	163.497	
-0.53833	-0.836792	1.21246	170.334	
-0.565186	-0.877686	1.16791	174.615	
-0.669556	-1.03699	1.10901	176.44	
-1.07819	-1.66016	1.06659	176.988	
-1.37878	-2.11853	1.01166	175.486	
-1.53473	-2.35626	0.937653	173.521	
-1.44592	-2.22076	0.871277	172.636	
-0.930176	-1.43433	0.823364	171.766	
-0.389709	-0.588989	0.796509	169.576	
-0.0527954	0.0088501	0.790253	166.501	
0.139771	0.736694	0.775299	161.672	
0.140991	1.34796	0.744781	155.973	
0.10437	1.61163	0.702362	151.579	
0.0912476	1.7099	0.657501	148.364	
0.0650024	1.18225	0.626068	146.23	
0.0680542	0.392761	0.591125	142.468	
0.0341797	0.0360107	0.555878	139.59	
0.0552368	0.0680542	0.531158	134.031	
0.114746	0.158691	0.511017	128.767	
0.145874	0.206299	0.487671	124.822	
0.163574	0.233154	0.470428	121.748	
0.12146	0.169067	0.437775	116.933	
0.122986	0.171509	0.397949	111.655	
0.185242	0.266418	0.394287	108.145	
0.185242	0.266418	0.397949	104.636	
0.179443	0.257568	0.384674	100.256	
0.189819	0.273438	0.345154	96.311	
0.1828	0.262451	0.32608	91.0468	
0.184021	0.264587	0.325928	80.9534	
0.169373	0.242004	0.322876	76.5594	
0.162659	0.231934	0.320435	73.0499	
0.162659	0.231934	0.320435	73.0499	
0.149841	0.209351	0.321503	71.3759	
0.15686	0.220032	0.293732	71.3759	
0.158997	0.223389	0.266113	73.5658	
0.15564	0.218201	0.246124	79.0056	
0.193176	0.275269	0.256195	95.0932	
0.141907	0.197144	0.272369	104.495	
0.107422	0.144653	0.255737	113.901	
0.132446	0.1828	0.250244	123.303	
0.110779	0.149841	0.247803	132.705	
0.115051	0.15625	0.233612	142.107	
0.154419	0.21637	0.204468	151.509	
0.114136	0.154724	0.186462	160.911	
0.114136	0.154724	0.186462	160.911	
-0.0152588	-0.0421143	0.17868	170.316	
-0.0112915	-0.0222778	0.17395	177.953	
0.140076	0.164185	0.166168	182.937	
0.191345	0.227661	0.162201	186.348	
0.145874	0.171509	0.153503	188.79	
0.498962	0.607605	0.150757	190.658	
-0.351563	-0.44281	0.13504	191.528	
0.297546	0.358887	0.123749	190.84	
4.44305	5.47974	0.127716	189.787	
3.23578	3.98834	0.12085	184.537	
-0.351257	-0.4422	0.110321	175.468	
-0.174561	-0.223999	0.104523	169.516	
-0.185547	-0.237732	0.109863	165.403	
-0.422058	-0.662537	0.0996399	163.452	
-0.359192	-0.566711	0.0790405	163.564	
-0.532532	-0.830994	0.0866699	170.401	
-0.559387	-0.871887	0.103302	174.682	
-0.663757	-1.03119	0.093689	176.507	
-1.07239	-1.65436	0.0926208	177.055	
-1.37299	-2.11273	0.098114	175.553	
-1.52893	-2.35046	0.0950623	173.587	
-1.44012	-2.21497	0.0914001	172.703	
-0.924377	-1.42853	0.0808716	171.832	
-0.383911	-0.583191	0.071106	169.642	
-0.0469971	0.0146484	0.0646973	166.568	
0.145569	0.742493	0.0650024	161.739	
0.14679	1.35376	0.0666809	156.04	
0.110168	1.61743	0.0637817	151.646	
0.0970459	1.7157	0.0660706	148.431	
0.0708008	1.18805	0.0650024	146.297	
0.0738525	0.39856	0.0575256	142.535	
0.039978	0.0418091	0.0535583	139.657	
0.0610352	0.0738525	0.0543213	134.098	
0.120544	0.16449	0.0538635	128.834	
0.151672	0.212097	0.0479126	124.889	
0.169373	0.238953	0.0491333	121.815	
0.127258	0.174866	0.0537109	117	
0.128784	0.177307	0.0590515	111.721	
0.19104	0.272217	0.057373	108.212	
0.19104	0.272217	0.0569153	104.702	
0.185242	0.263367	0.0569153	100.322	
0.195618	0.279236	0.058136	96.3777	
0.188599	0.26825	0.059967	91.1134	
0.189819	0.270386	0.0578308	81.0201	
0.175171	0.247803	0.063324	76.6261	
0.168457	0.237732	0.0668335	73.1166	
0.114441	0.17395	0.0617981	70.9688	
0.12146	0.184631	0.0654602	70.9688	
0.123596	0.187988	0.0733948	73.1587	
0.120239	0.1828	0.0666809	78.5985	
0.157776	0.239868	0.0627136	94.6861	
0.106506	0.161743	0.0526428	104.088	
0.0720215	0.109253	0.0447083	113.494	
0.0970459	0.1474	0.039978	122.896	
0.0753784	0.114441	0.0306702	132.298	
0.0796509	0.12085	0.0254822	141.7	
0.119019	0.180969	0.0227356	151.102	
0.0787354	0.119324	0.0311279	160.504	
-0.0506592	-0.0775146	0.0335693	169.909	
-0.0466919	-0.0576782	0.0283813	177.546	
0.104675	0.128784	0.0289917	182.529	
0.155945	0.192261	0.0325012	185.941	
0.110474	0.136108	0.035553	188.383	
0.463562	0.572205	0.0292969	190.25	
-0.386963	-0.47821	0.0260925	191.121	
0.262146	0.323486	0.0346375	190.433	
4.40765	5.44434	0.0389099	189.38	
3.20038	3.95294	0.0396729	184.13	
-0.386658	-0.4776	0.0372314	175.061	
-0.209961	-0.259399	0.0395203	169.109	
-0.220947	-0.273132	0.0418091	164.996	
-0.457458	-0.697937	0.0418091	163.045	
-0.394592	-0.602112	0.0427246	163.157	
-0.567932	-0.866394	0.0415039	169.993	
-0.594788	-0.907288	0.0369263	174.275	
-0.699158	-1.06659	0.0402832	176.1	
-1.10779	-1.68976	0.0376892	176.647	
-1.40839	-2.14813	0.0450134	175.145	
-1.56433	-2.38586	0.0466919	173.18	
-1.47552	-2.25037	0.0474548	172.296	
-0.959778	-1.46393	0.0521851	171.425	
-0.419312	-0.618591	0.0550842	169.235	
-0.0823975	-0.020752	0.0563049	166.161	
0.110168	0.707092	0.057373	161.332	
0.111389	1.31836	0.0639343	155.632	
0.0747681	1.58203	0.0672913	151.239	
0.0616455	1.6803	0.0692749	148.024	
0.0354004	1.15265	0.0692749	145.89	
0.0384521	0.363159	0.0744629	142.128	
0.00457764	0.00640869	0.0767517	139.25	
0.0256348	0.0384521	0.0779724	133.691	
0.085144	0.129089	0.0756836	128.427	
0.116272	0.176697	0.0689697	124.482	
0.133972	0.203552	0.0500488	121.408	
0.0918579	0.139465	0.040741	116.593	
0.0918579	0.139465	0.040741	116.593	
0.0933838	0.141907	0.0369263	111.314	
0.15564	0.236816	0.0338745	107.805	
0.15564	0.236816	0.0354004	104.295	
0.15564	0.236816	0.0354004	104.295	
0.149841	0.227966	0.0317383	99.9153	
0.160217	0.243835	0.0346375	95.9706	
0.153198	0.232849	0.0350952	90.7063	
0.154419	0.234985	0.0286865	80.6129	
0.139771	0.212402	0.0358582	76.219	
0.133057	0.202332	0.0314331	72.7095	
0.13092	0.19043	0.0334167	71.1583	
0.137939	0.201111	0.0376892	71.1583	
0.140076	0.204468	0.037384	73.3482	
0.136719	0.19928	0.0392151	78.788	
0.174255	0.256348	0.0389099	94.8756	
0.122986	0.178223	0.0415039	104.278	
0.088501	0.125732	0.0387573	113.683	
0.113525	0.163879	0.0430298	123.085	
0.0918579	0.13092	0.0418091	132.487	
0.0961304	0.137329	0.0421143	141.889	
0.135498	0.197449	0.0474548	151.291	
0.0952148	0.135803	0.050354	160.693	
-0.0341797	-0.0610352	0.0549316	170.099	
-0.0302124	-0.0411987	0.0588989	177.735	
0.121155	0.145264	0.127411	182.719	
0.172424	0.20874	0.141144	186.13	
0.126953	0.152588	0.136719	188.573	
0.480042	0.588684	0.138855	190.44	
-0.370483	-0.461731	0.141602	191.31	
0.278625	0.339966	0.142975	190.622	
4.42413	5.46082	0.149078	189.57	
3.21686	3.96942	0.148926	184.319	
-0.370178	-0.461121	0.158386	175.251	
-0.193481	-0.24292	0.158844	169.299	
-0.204468	-0.256653	0.157166	165.185	
-0.440979	-0.681458	0.161896	163.234	
-0.378113	-0.585632	0.164337	163.346	
-0.551453	-0.849915	0.170288	170.183	
-0.578308	-0.890808	0.178375	174.465	
-0.682678	-1.05011	0.185242	176.29	
-1.09131	-1.67328	0.19043	176.837	
-1.39191	-2.13165	0.194092	175.335	
-1.54785	-2.36938	0.203705	173.37	
-1.45905	-2.23389	0.215607	172.485	
-0.943298	-1.44745	0.232239	171.615	
-0.402832	-0.602112	0.249329	169.425	
-0.065918	-0.00427246	0.26474	166.351	
0.126648	0.723572	0.284576	161.521	
0.127869	1.33484	0.303192	155.822	
0.0912476	1.59851	0.322723	151.428	
0.078125	1.69678	0.348053	148.213	
0.0518799	1.16913	0.377045	146.08	
0.0549316	0.379639	0.403442	142.317	
0.0210571	0.0228882	0.424805	139.44	
0.0421143	0.0549316	0.451813	133.88	
0.101624	0.145569	0.480804	128.616	
0.132751	0.193176	0.50827	124.671	
0.150452	0.220032	0.535126	121.597	
0.108337	0.155945	0.563507	116.782	
0.109863	0.158386	0.595245	111.504	
0.172119	0.253296	0.62561	107.994	
0.172119	0.253296	0.652924	104.485	
0.166321	0.244446	0.693054	100.105	
0.176697	0.260315	0.723267	96.1601	
0.169678	0.249329	0.753937	90.8958	
0.170898	0.251465	0.783539	80.8025	
0.15625	0.228882	0.815277	76.4085	
0.149536	0.218811	0.855103	72.899	
0.128784	0.188293	0.88623	71.1337	
0.135803	0.198975	0.931244	71.1337	
0.137939	0.202332	0.964661	73.3237	
0.134583	0.197144	1.00189	78.7634	
0.172119	0.254211	1.04324	94.8511	
0.12085	0.176086	1.082	104.253	
0.0863647	0.123596	1.12396	113.659	
0.111389	0.161743	1.15997	123.061	
0.0897217	0.128784	1.19537	132.463	
0.0939941	0.135193	1.2384	141.865	
0.133362	0.195313	1.27716	151.267	
0.0930786	0.133667	1.31989	160.669	
-0.0363159	-0.0631714	1.36261	170.074	
-0.0323486	-0.043335	1.39908	177.711	
0.119019	0.143127	1.44058	182.694	
0.170288	0.206604	1.47995	186.106	
0.124817	0.150452	1.52023	188.548	
0.477905	0.586548	1.5654	190.415	
-0.37262	-0.463867	1.60629	191.286	
0.276489	0.33783	1.64795	190.598	
4.422	5.45868	1.6864	189.545	
3.21472	3.96729	1.72852	184.295	
-0.372314	-0.463257	1.77063	175.226	
-0.195618	-0.245056	1.81076	169.274	
-0.206604	-0.258789	1.8515	165.161	
-0.443115	-0.683594	1.89423	163.21	
-0.380249	-0.587769	1.93146	163.322	
-0.553589	-0.852051	1.96671	170.158	
-0.580444	-0.892944	2.00333	174.44	
-0.684814	-1.05225	2.01385	176.265	
-1.09344	-1.67542	1.99051	176.812	
-1.39404	-2.13379	2.0015	175.31	
-1.54999	-2.37152	2.00638	173.345	
-1.46118	-2.23602	1.9696	172.461	
-0.945435	-1.44958	1.9339	171.59	
-0.404968	-0.604248	1.85501	169.4	
-0.0680542	-0.00640869	1.74759	166.326	
0.124512	0.721436	1.65909	161.497	
0.125732	1.3327	1.5683	155.797	
0.0891113	1.59637	1.48224	151.404	
0.0759888	1.69464	1.40549	148.189	
0.0497437	1.16699	1.35742	146.055	
0.0527954	0.377502	1.31821	142.293	
0.0189209	0.020752	1.28265	139.415	
0.039978	0.0527954	1.25977	133.856	
0.0994873	0.143433	1.22696	128.592	
0.130615	0.19104	1.1824	124.647	
0.148315	0.217896	1.1235	121.573	
0.106201	0.153809	1.08109	116.758	
0.107727	0.15625	1.02615	111.479	
0.169983	0.25116	0.952148	107.97	
0.169983	0.25116	0.885773	104.46	
0.164185	0.24231	0.83786	100.08	
0.174561	0.258179	0.811005	96.1356	
0.167542	0.247192	0.804749	90.8713	
0.168762	0.249329	0.789795	80.7779	
0.154114	0.226746	0.759277	76.384	
0.1474	0.216675	0.716858	72.8745	
0.130005	0.189514	0.671997	71.1478	
0.137024	0.200195	0.640564	71.1478	
0.13916	0.203552	0.605621	73.3377	
0.135803	0.198364	0.570374	78.7775	
0.17334	0.255432	0.545654	94.8651	
0.12207	0.177307	0.525513	104.267	
0.0875854	0.124817	0.502167	113.673	
0.11261	0.162964	0.484924	123.075	
0.0909424	0.130005	0.452271	132.477	
0.0909424	0.130005	0.452271	132.477	
0.0952148	0.136414	0.412445	141.879	
0.134583	0.196533	0.408783	151.281	
0.0942993	0.134888	0.412445	160.683	
-0.0350952	-0.0619507	0.39917	170.088	
-0.0311279	-0.0421143	0.35965	177.725	
0.120239	0.144348	0.340576	182.708	
0.171509	0.207825	0.340424	186.12	
0.126038	0.151672	0.337372	188.562	
0.479126	0.587769	0.33493	190.429	
-0.371399	-0.462646	0.335999	191.3	
0.27771	0.33905	0.308228	190.612	
4.42322	5.4599	0.280609	189.559	
3.21594	3.96851	0.26062	184.309	
-0.371094	-0.462036	0.270691	175.24	
-0.194397	-0.243835	0.286865	169.288	
-0.205383	-0.257568	0.270233	165.175	
-0.441895	-0.682373	0.26474	163.224	
-0.379028	-0.586548	0.262299	163.336	
-0.552368	-0.85083	0.248108	170.172	
-0.579224	-0.891724	0.218964	174.454	
-0.683594	-1.05103	0.200958	176.279	
-1.09222	-1.67419	0.193176	176.826	
-1.39282	-2.13257	0.188446	175.324	
-1.54877	-2.3703	0.180664	173.359	
-1.45996	-2.2348	0.176697	172.475	
-0.944214	-1.44836	0.167999	171.604	
-0.403748	-0.603027	0.165253	169.414	
-0.0668335	-0.00518799	0.149536	166.34	
0.125732	0.722656	0.138245	161.511	
0.126953	1.33392	0.142212	155.811	
0.090332	1.5976	0.135345	151.418	
0.0772095	1.69586	0.124817	148.203	
0.0509644	1.16821	0.119019	146.069	
0.0540161	0.378723	0.124359	142.307	
0.0201416	0.0219727	0.114136	139.429	
0.0411987	0.0540161	0.0935364	133.87	
0.100708	0.144653	0.101166	128.606	
0.131836	0.192261	0.117798	124.661	
0.149536	0.219116	0.108185	121.587	
0.107422	0.155029	0.107117	116.772	
0.108948	0.157471	0.11261	111.493	
0.171204	0.25238	0.109558	107.984	
0.171204	0.25238	0.105896	104.474	
0.165405	0.24353	0.0953674	100.094	
0.175781	0.259399	0.0856018	96.1496	
0.168762	0.248413	0.0791931	90.8853	
0.169983	0.250549	0.0794983	80.7919	
0.155334	0.227966	0.0811768	76.398	
0.148621	0.217896	0.0782776	72.8885	
0.126343	0.185852	0.0805664	71.1057	
0.133362	0.196533	0.0794983	71.1057	
0.135498	0.19989	0.0720215	73.2956	
0.132141	0.194702	0.0680542	78.7354	
0.169678	0.25177	0.0688171	94.823	
0.118408	0.173645	0.0683594	104.225	
0.0839233	0.121155	0.0624084	113.631	
0.108948	0.159302	0.0636292	123.033	
0.0872803	0.126343	0.0682068	132.435	
0.0915527	0.132751	0.0735474	141.837	
0.13092	0.192871	0.0718689	151.239	
0.0906372	0.131226	0.0714111	160.641	
-0.0387573	-0.0656128	0.0714111	170.046	
-0.03479	-0.0457764	0.0726318	177.683	
0.116577	0.140686	0.0744629	182.666	
0.167847	0.204163	0.0723267	186.078	
0.122375	0.14801	0.0778198	188.52	
0.475464	0.584106	0.0813293	190.387	
-0.375061	-0.466309	0.0762939	191.258	
0.274048	0.335388	0.0799561	190.57	
4.41956	5.45624	0.0878906	189.517	
3.21228	3.96484	0.0811768	184.267	
-0.374756	-0.465698	0.0772095	175.198	
-0.198059	-0.247498	0.0671387	169.246	
-0.209045	-0.26123	0.0592041	165.133	
-0.445557	-0.686035	0.0544739	163.181	
-0.38269	-0.59021	0.045166	163.294	
-0.55603	-0.854492	0.039978	170.13	
-0.582886	-0.895386	0.0372314	174.412	
-0.687256	-1.05469	0.0456238	176.237	
-1.09589	-1.67786	0.0480652	176.784	
-1.39648	-2.13623	0.0428772	175.282	
-1.55243	-2.37396	0.0434875	173.317	
-1.46362	-2.23846	0.0469971	172.433	
-0.947876	-1.45203	0.0500488	171.562	
-0.40741	-0.606689	0.0437927	169.372	
-0.0704956	-0.0088501	0.0405884	166.298	
0.12207	0.718994	0.0491333	161.469	
0.123291	1.33026	0.0534058	155.769	
0.0866699	1.59393	0.0541687	151.375	
0.0735474	1.6922	0.0517273	148.161	
0.0473022	1.16455	0.0540161	146.027	
0.050354	0.375061	0.0563049	142.265	
0.0164795	0.0183105	0.0563049	139.387	
0.0375366	0.050354	0.0572205	133.828	
0.0970459	0.140991	0.0559998	128.564	
0.128174	0.188599	0.0514221	124.619	
0.145874	0.215454	0.0547791	121.544	
0.10376	0.151367	0.0521851	116.729	
0.105286	0.153809	0.0595093	111.451	
0.167542	0.248718	0.0611877	107.942	
0.167542	0.248718	0.0619507	104.432	
0.161743	0.239868	0.0666809	100.052	
0.172119	0.255737	0.0695801	96.1075	
0.1651	0.244751	0.0708008	90.8432	
0.166321	0.246887	0.0718689	80.7498	
0.151672	0.224304	0.0784302	76.3559	
0.144958	0.214233	0.0817871	72.8464	
0.133972	0.193481	0.0837708	71.1934	
0.140991	0.204163	0.0837708	71.1934	
0.143127	0.20752	0.0889587	73.3833	
0.139771	0.202332	0.0912476	78.8231	
0.177307	0.259399	0.0924683	94.9107	
0.126038	0.181274	0.0901794	104.313	
0.126038	0.181274	0.0901794	104.313	
0.0915527	0.128784	0.0834656	113.718	
0.116577	0.166931	0.0645447	123.12	
0.0949097	0.133972	0.0552368	132.522	
0.0991821	0.140381	0.0514221	141.924	
0.13855	0.2005	0.0483704	151.326	
0.0982666	0.138855	0.0498962	160.728	
-0.0311279	-0.0579834	0.0462341	170.134	
-0.0271606	-0.038147	0.0491333	177.771	
0.124207	0.148315	0.0495911	182.754	
0.175476	0.211792	0.0431824	186.165	
0.130005	0.15564	0.050354	188.608	
0.483093	0.591736	0.045929	190.475	
-0.367432	-0.458679	0.0479126	191.345	
0.281677	0.343018	0.0521851	190.658	
4.42719	5.46387	0.0518799	189.605	
3.21991	3.97247	0.0537109	184.354	
-0.367126	-0.458069	0.0534058	175.286	
-0.19043	-0.239868	0.0559998	169.334	
-0.201416	-0.253601	0.0532532	165.22	
-0.437927	-0.678406	0.0575256	163.269	
-0.375061	-0.582581	0.0563049	163.382	
-0.548401	-0.846863	0.0566101	170.218	
-0.575256	-0.887756	0.0619507	174.5	
-0.679626	-1.04706	0.0648499	176.325	
-1.08826	-1.67023	0.0694275	176.872	
-1.38885	-2.1286	0.0733948	175.37	
-1.5448	-2.36633	0.114899	173.405	
-1.45599	-2.23083	0.128632	172.52	
-0.940247	-1.4444	0.124207	171.65	
-0.39978	-0.59906	0.126343	169.46	
-0.0628662	-0.0012207	0.129089	166.386	
0.1297	0.726624	0.130463	161.557	
0.13092	1.33789	0.136566	155.857	
0.0942993	1.60156	0.136414	151.463	
0.0811768	1.69983	0.145874	148.248	
0.0549316	1.17218	0.146332	146.115	
0.0579834	0.38269	0.144653	142.352	
0.0241089	0.0259399	0.149384	139.475	
0.045166	0.0579834	0.151825	133.916	
0.104675	0.148621	0.157776	128.651	
0.135803	0.196228	0.165863	124.707	
0.153503	0.223083	0.172729	121.632	
0.111389	0.158997	0.177917	116.817	
0.112915	0.161438	0.18158	111.539	
0.175171	0.256348	0.191193	108.029	
0.175171	0.256348	0.203094	104.52	
0.169373	0.247498	0.219727	100.14	
0.179749	0.263367	0.236816	96.1952	
0.172729	0.25238	0.252228	90.9309	
0.17395	0.254517	0.272064	80.8376	
0.159302	0.231934	0.29068	76.4436	
0.152588	0.221863	0.310211	72.9341	
0.1474	0.206909	0.335541	71.3478	
0.154419	0.21759	0.364532	71.3478	
0.156555	0.220947	0.39093	73.5378	
0.153198	0.215759	0.412292	78.9775	
0.190735	0.272827	0.439301	95.0652	
0.139465	0.194702	0.468292	104.467	
0.10498	0.142212	0.495758	113.873	
0.130005	0.180359	0.522614	123.275	
0.108337	0.1474	0.550995	132.677	
0.11261	0.153809	0.582733	142.079	
0.151978	0.213928	0.613098	151.481	
0.111694	0.152283	0.640411	160.883	
-0.0177002	-0.0445557	0.680542	170.288	
-0.0137329	-0.0247192	0.710754	177.925	
0.137634	0.161743	0.741425	182.908	
0.188904	0.22522	0.771027	186.32	
0.143433	0.169067	0.802765	188.762	
0.496521	0.605164	0.84259	190.629	
-0.354004	-0.445251	0.873718	191.5	
0.295105	0.356445	0.918732	190.812	
4.44061	5.47729	0.952148	189.759	
3.23334	3.9859	0.98938	184.509	
-0.353699	-0.444641	1.03073	175.44	
-0.177002	-0.22644	1.06949	169.488	
-0.187988	-0.240173	1.11145	165.375	
-0.4245	-0.664978	1.14746	163.424	
-0.361633	-0.569153	1.18286	163.536	
-0.534973	-0.833435	1.22589	170.372	
-0.561829	-0.874329	1.26465	174.654	
-0.666199	-1.03363	1.30737	176.479	
-1.07483	-1.6568	1.3501	177.027	
-1.37543	-2.11517	1.38657	175.524	
-1.37543	-2.11517	1.38657	175.524	
-1.53137	-2.35291	1.42807	173.559	
-1.44257	-2.21741	1.46744	172.675	
-0.926819	-1.43097	1.50772	171.804	
-0.386353	-0.585632	1.55289	169.614	
-0.0494385	0.012207	1.59378	166.54	
0.143127	0.740051	1.63544	161.711	
0.144348	1.35132	1.67389	156.012	
0.107727	1.61499	1.716	151.618	
0.0946045	1.71326	1.75812	148.403	
0.0683594	1.18561	1.79825	146.269	
0.0714111	0.396118	1.83899	142.507	
0.0375366	0.0393677	1.88171	139.629	
0.0585938	0.0714111	1.91895	134.07	
0.118103	0.162048	1.95419	128.806	
0.149231	0.209656	1.99081	124.861	
0.166931	0.236511	2.00134	121.787	
0.124817	0.172424	1.978	116.972	
0.126343	0.174866	1.98898	111.693	
0.188599	0.269775	1.99387	108.184	
0.188599	0.269775	1.95709	104.674	
0.1828	0.260925	1.92139	100.294	
0.193176	0.276794	1.8425	96.3496	
0.186157	0.265808	1.73508	91.0854	
0.187378	0.267944	1.64658	80.992	
0.172729	0.245361	1.55579	76.5981	
0.166016	0.235291	1.46973	73.0885	
0.150146	0.209656	1.39297	71.3794	
0.157166	0.220337	1.34491	71.3794	
0.159302	0.223694	1.30569	73.5693	
0.155945	0.218506	1.27014	79.0091	
0.193481	0.275574	1.24725	95.0967	
0.142212	0.197449	1.21445	104.499	
0.107727	0.144958	1.16989	113.904	
0.132751	0.183105	1.11099	123.306	
0.111084	0.150146	1.06857	132.708	
0.115356	0.156555	1.01364	142.11	
0.154724	0.216675	0.939636	151.512	
0.114441	0.155029	0.87326	160.914	
-0.0149536	-0.0418091	0.825348	170.32	
-0.0109863	-0.0219727	0.798492	177.957	
0.140381	0.16449	0.792236	182.94	
0.19165	0.227966	0.777283	186.351	
0.146179	0.171814	0.746765	188.794	
0.499268	0.60791	0.704346	190.661	
-0.351257	-0.442505	0.659485	191.531	
0.297852	0.359192	0.628052	190.844	
4.44336	5.48004	0.593109	189.791	
3.23608	3.98865	0.557861	184.54	
-0.350952	-0.441895	0.533142	175.472	
-0.174255	-0.223694	0.513	169.52	
-0.185242	-0.237427	0.489655	165.406	
-0.421753	-0.662231	0.472412	163.455	
-0.358887	-0.566406	0.439758	163.568	
-0.532227	-0.830688	0.399933	170.404	
-0.559082	-0.871582	0.396271	174.686	
-0.663452	-1.03088	0.399933	176.511	
-1.07208	-1.65405	0.386658	177.058	
-1.37268	-2.11243	0.347137	175.556	
-1.52863	-2.35016	0.328064	173.591	
-1.43982	-2.21466	0.327911	172.706	
-0.924072	-1.42822	0.32486	171.836	
-0.383606	-0.582886	0.322418	169.646	
-0.0466919	0.0149536	0.323486	166.572	
0.145874	0.742798	0.295715	161.743	
0.147095	1.35406	0.268097	156.043	
0.110474	1.61774	0.248108	151.649	
0.0973511	1.716	0.258179	148.434	
0.071106	1.18835	0.274353	146.301	
0.0741577	0.398865	0.257721	142.538	
0.0402832	0.0421143	0.252228	139.661	
0.0613403	0.0741577	0.249786	134.102	
0.12085	0.164795	0.235596	128.837	
0.151978	0.212402	0.206451	124.893	
0.169678	0.239258	0.188446	121.818	
0.127563	0.175171	0.180664	117.003	
0.129089	0.177612	0.175934	111.725	
0.191345	0.272522	0.168152	108.215	
0.191345	0.272522	0.164185	104.706	
0.185547	0.263672	0.155487	100.326	
0.195923	0.279541	0.15274	96.3812	
0.188904	0.268555	0.137024	91.1169	
0.190125	0.270691	0.125732	81.0236	
0.175476	0.248108	0.1297	76.6296	
0.168762	0.238037	0.122833	73.1201	
0.133972	0.193481	0.112305	71.1934	
0.140991	0.204163	0.106506	71.1934	
0.143127	0.20752	0.111847	73.3833	
0.139771	0.202332	0.101624	78.8231	
0.177307	0.259399	0.0810242	94.9107	
0.126038	0.181274	0.0886536	104.313	
0.0915527	0.128784	0.105286	113.718	
0.116577	0.166931	0.0956726	123.12	
0.0949097	0.133972	0.0946045	132.522	
0.0991821	0.140381	0.100098	141.924	
0.13855	0.2005	0.0970459	151.326	
0.0982666	0.138855	0.0933838	160.728	
-0.0311279	-0.0579834	0.0828552	170.134	
-0.0271606	-0.038147	0.0730896	177.771	
0.124207	0.148315	0.0666809	182.754	
0.175476	0.211792	0.0669861	186.165	
0.130005	0.15564	0.0686646	188.608	
0.483093	0.591736	0.0657654	190.475	
-0.367432	-0.458679	0.0680542	191.345	
0.281677	0.343018	0.0669861	190.658	
4.42719	5.46387	0.0595093	189.605	
3.21991	3.97247	0.055542	184.354	
-0.367126	-0.458069	0.0563049	175.286	
-0.19043	-0.239868	0.0558472	169.334	
-0.201416	-0.253601	0.0498962	165.22	
-0.437927	-0.678406	0.0511169	163.269	
-0.375061	-0.582581	0.0556946	163.382	
-0.548401	-0.846863	0.0610352	170.218	
-0.575256	-0.887756	0.0593567	174.5	
-0.679626	-1.04706	0.0588989	176.325	
-1.08826	-1.67023	0.0588989	176.872	
-1.38885	-2.1286	0.0601196	175.37	
-1.5448	-2.36633	0.0619507	173.405	
-1.45599	-2.23083	0.0598145	172.52	
-0.940247	-1.4444	0.0653076	171.65	
-0.39978	-0.59906	0.0688171	169.46	
-0.0628662	-0.0012207	0.0637817	166.386	
0.1297	0.726624	0.0674438	161.557	
0.13092	1.33789	0.0753784	155.857	
0.0942993	1.60156	0.0686646	151.463	
0.0811768	1.69983	0.0646973	148.248	
0.0549316	1.17218	0.0546265	146.115	
0.0549316	1.17218	0.0546265	146.115	
0.0579834	0.38269	0.0466919	142.352	
0.0241089	0.0259399	0.0419617	139.475	
0.045166	0.0579834	0.0326538	133.916	
0.104675	0.148621	0.0274658	128.651	
0.135803	0.196228	0.0247192	124.707	
0.153503	0.223083	0.0331116	121.632	
0.111389	0.158997	0.035553	116.817	
0.112915	0.161438	0.030365	111.539	
0.175171	0.256348	0.0309753	108.029	
0.175171	0.256348	0.0344849	104.52	
0.169373	0.247498	0.0375366	100.14	
0.179749	0.263367	0.0312805	96.1952	
0.172729	0.25238	0.0280762	90.9309	
0.17395	0.254517	0.0366211	80.8376	
0.159302	0.231934	0.0408936	76.4436	
0.152588	0.221863	0.0416565	72.9341	
0.135803	0.195313	0.0392151	71.2144	
0.142822	0.205994	0.0415039	71.2144	
0.144958	0.209351	0.0437927	73.4044	
0.141602	0.204163	0.0437927	78.8441	
0.179138	0.26123	0.0447083	94.9318	
0.127869	0.183105	0.0434875	104.334	
0.0933838	0.130615	0.0389099	113.739	
0.118408	0.168762	0.0422668	123.141	
0.0967407	0.135803	0.0396729	132.543	
0.101013	0.142212	0.0469971	141.945	
0.140381	0.202332	0.0486755	151.347	
0.100098	0.140686	0.0494385	160.749	
-0.0292969	-0.0561523	0.0541687	170.155	
-0.0253296	-0.0363159	0.0570679	177.792	
0.126038	0.150146	0.0582886	182.775	
0.177307	0.213623	0.0593567	186.186	
0.131836	0.157471	0.065918	188.629	
0.484924	0.593567	0.0692749	190.496	
-0.365601	-0.456848	0.0712585	191.366	
0.283508	0.344849	0.0712585	190.679	
4.42902	5.4657	0.0764465	189.626	
3.22174	3.9743	0.0787354	184.375	
3.22174	3.9743	0.0787354	184.375	
-0.365295	-0.456238	0.0799561	175.307	
-0.188599	-0.238037	0.0776672	169.355	
-0.199585	-0.25177	0.0709534	165.242	
-0.436096	-0.676575	0.0520325	163.29	
-0.37323	-0.58075	0.0427246	163.403	
-0.54657	-0.845032	0.0389099	170.239	
-0.573425	-0.885925	0.0358582	174.521	
-0.677795	-1.04523	0.037384	176.346	
-1.08643	-1.6684	0.0337219	176.893	
-1.38702	-2.12677	0.0366211	175.391	
-1.54297	-2.3645	0.0370789	173.426	
-1.45416	-2.229	0.0306702	172.541	
